# Automatically generated
   0     0  0     1  0     2  0     3  0     4  0     5  0     6  0     7  0     8  0     9  0    10  0    11  0    12  0    13  0    14  0    15  0    16  0    17  0    18  0    19  0    20  0    21  0    22  0    23  0    24  0    25  0    26  0    27  0    28  0    29  0    30  0    31  0    32  0    33  0    34  0    35  0    36  0    37  0    38  0    39  0    40  0    41  0    42  0    43  0    44  0    45  0    46  0    47  0   
   1     1  0     2  0     3  0     4  0     5  0     6  0     7  0     8  0     9  0    10  0    11  0    12  0    13  0    14  0    15  0    16  0    17  0    18  0    19  0    20  0    21  0    22  0    23  0    24  0    25  0    26  0    27  0    28  0    29  0    30  0    31  0    32  0    33  0    34  0    35  0    36  0    37  0    38  0    39  0    40  0    41  0    42  0    43  0    44  0    45  0    46  0    47  0    48  0   
   2     2  0     3  0     4  0     5  0     6  0     7  0     8  0     9  0    10  0    11  0    12  0    13  0    14  0    15  0    16  0    17  0    18  0    19  0    20  0    21  0    22  0    23  0    24  0    25  0    26  0    27  0    28  0    29  0    30  0    31  0    32  0    33  0    34  0    35  0    36  0    37  0    38  0    39  0    40  0    41  0    42  0    43  0    44  0    45  0    46  0    47  0    48  0    49  0   
   3     3  0     4  0     5  0     6  0     7  0     8  0     9  0    10  0    11  0    12  0    13  0    14  0    15  0    16  0    17  0    18  0    19  0    20  0    21  0    22  0    23  0    24  0    25  0    26  0    27  0    28  0    29  0    30  0    31  0    32  0    33  0    34  0    35  0    36  0    37  0    38  0    39  0    40  0    41  0    42  0    43  0    44  0    45  0    46  0    47  0    48  0    49  0    50  0   
   4     4  0     5  0     6  0     7  0     8  0     9  0    10  0    11  0    12  0    13  0    14  0    15  0    16  0    17  0    18  0    19  0    20  0    21  0    22  0    23  0    24  0    25  0    26  0    27  0    28  0    29  0    30  0    31  0    32  0    33  0    34  0    35  0    36  0    37  0    38  0    39  0    40  0    41  0    42  0    43  0    44  0    45  0    46  0    47  0    48  0    49  0    50  0    51  0   
   5     5  0     6  0     7  0     8  0     9  0    10  0    11  0    12  0    13  0    14  0    15  0    16  0    17  0    18  0    19  0    20  0    21  0    22  0    23  0    24  0    25  0    26  0    27  0    28  0    29  0    30  0    31  0    32  0    33  0    34  0    35  0    36  0    37  0    38  0    39  0    40  0    41  0    42  0    43  0    44  0    45  0    46  0    47  0    48  0    49  0    50  0    51  0    52  0   
   6     6  0     7  0     8  0     9  0    10  0    11  0    12  0    13  0    14  0    15  0    16  0    17  0    18  0    19  0    20  0    21  0    22  0    23  0    24  0    25  0    26  0    27  0    28  0    29  0    30  0    31  0    32  0    33  0    34  0    35  0    36  0    37  0    38  0    39  0    40  0    41  0    42  0    43  0    44  0    45  0    46  0    47  0    48  0    49  0    50  0    51  0    52  0    53  0   
   7     7  0     8  0     9  0    10  0    11  0    12  0    13  0    14  0    15  0    16  0    17  0    18  0    19  0    20  0    21  0    22  0    23  0    24  0    25  0    26  0    27  0    28  0    29  0    30  0    31  0    32  0    33  0    34  0    35  0    36  0    37  0    38  0    39  0    40  0    41  0    42  0    43  0    44  0    45  0    46  0    47  0    48  0    49  0    50  0    51  0    52  0    53  0    54  0   
   8     8  0     9  0    10  0    11  0    12  0    13  0    14  0    15  0    16  0    17  0    18  0    19  0    20  0    21  0    22  0    23  0    24  0    25  0    26  0    27  0    28  0    29  0    30  0    31  0    32  0    33  0    34  0    35  0    36  0    37  0    38  0    39  0    40  0    41  0    42  0    43  0    44  0    45  0    46  0    47  0    48  0    49  0    50  0    51  0    52  0    53  0    54  0    55  0   
   9     9  0    10  0    11  0    12  0    13  0    14  0    15  0    16  0    17  0    18  0    19  0    20  0    21  0    22  0    23  0    24  0    25  0    26  0    27  0    28  0    29  0    30  0    31  0    32  0    33  0    34  0    35  0    36  0    37  0    38  0    39  0    40  0    41  0    42  0    43  0    44  0    45  0    46  0    47  0    48  0    49  0    50  0    51  0    52  0    53  0    54  0    55  0    56  0   
  10    10  0    11  0    12  0    13  0    14  0    15  0    16  0    17  0    18  0    19  0    20  0    21  0    22  0    23  0    24  0    25  0    26  0    27  0    28  0    29  0    30  0    31  0    32  0    33  0    34  0    35  0    36  0    37  0    38  0    39  0    40  0    41  0    42  0    43  0    44  0    45  0    46  0    47  0    48  0    49  0    50  0    51  0    52  0    53  0    54  0    55  0    56  0    57  0   
  11    11  0    12  0    13  0    14  0    15  0    16  0    17  0    18  0    19  0    20  0    21  0    22  0    23  0    24  0    25  0    26  0    27  0    28  0    29  0    30  0    31  0    32  0    33  0    34  0    35  0    36  0    37  0    38  0    39  0    40  0    41  0    42  0    43  0    44  0    45  0    46  0    47  0    48  0    49  0    50  0    51  0    52  0    53  0    54  0    55  0    56  0    57  0    58  0   
  12    12  0    13  0    14  0    15  0    16  0    17  0    18  0    19  0    20  0    21  0    22  0    23  0    24  0    25  0    26  0    27  0    28  0    29  0    30  0    31  0    32  0    33  0    34  0    35  0    36  0    37  0    38  0    39  0    40  0    41  0    42  0    43  0    44  0    45  0    46  0    47  0    48  0    49  0    50  0    51  0    52  0    53  0    54  0    55  0    56  0    57  0    58  0    59  0   
  13    13  0    14  0    15  0    16  0    17  0    18  0    19  0    20  0    21  0    22  0    23  0    24  0    25  0    26  0    27  0    28  0    29  0    30  0    31  0    32  0    33  0    34  0    35  0    36  0    37  0    38  0    39  0    40  0    41  0    42  0    43  0    44  0    45  0    46  0    47  0    48  0    49  0    50  0    51  0    52  0    53  0    54  0    55  0    56  0    57  0    58  0    59  0    60  0   
  14    14  0    15  0    16  0    17  0    18  0    19  0    20  0    21  0    22  0    23  0    24  0    25  0    26  0    27  0    28  0    29  0    30  0    31  0    32  0    33  0    34  0    35  0    36  0    37  0    38  0    39  0    40  0    41  0    42  0    43  0    44  0    45  0    46  0    47  0    48  0    49  0    50  0    51  0    52  0    53  0    54  0    55  0    56  0    57  0    58  0    59  0    60  0    61  0   
  15    15  0    16  0    17  0    18  0    19  0    20  0    21  0    22  0    23  0    24  0    25  0    26  0    27  0    28  0    29  0    30  0    31  0    32  0    33  0    34  0    35  0    36  0    37  0    38  0    39  0    40  0    41  0    42  0    43  0    44  0    45  0    46  0    47  0    48  0    49  0    50  0    51  0    52  0    53  0    54  0    55  0    56  0    57  0    58  0    59  0    60  0    61  0    62  0   
  16    16  0    17  0    18  0    19  0    20  0    21  0    22  0    23  0    24  0    25  0    26  0    27  0    28  0    29  0    30  0    31  0    32  0    33  0    34  0    35  0    36  0    37  0    38  0    39  0    40  0    41  0    42  0    43  0    44  0    45  0    46  0    47  0    48  0    49  0    50  0    51  0    52  0    53  0    54  0    55  0    56  0    57  0    58  0    59  0    60  0    61  0    62  0    63  0   
  17    17  0    18  0    19  0    20  0    21  0    22  0    23  0    24  0    25  0    26  0    27  0    28  0    29  0    30  0    31  0    32  0    33  0    34  0    35  0    36  0    37  0    38  0    39  0    40  0    41  0    42  0    43  0    44  0    45  0    46  0    47  0    48  0    49  0    50  0    51  0    52  0    53  0    54  0    55  0    56  0    57  0    58  0    59  0    60  0    61  0    62  0    63  0    64  0   
  18    18  0    19  0    20  0    21  0    22  0    23  0    24  0    25  0    26  0    27  0    28  0    29  0    30  0    31  0    32  0    33  0    34  0    35  0    36  0    37  0    38  0    39  0    40  0    41  0    42  0    43  0    44  0    45  0    46  0    47  0    48  0    49  0    50  0    51  0    52  0    53  0    54  0    55  0    56  0    57  0    58  0    59  0    60  0    61  0    62  0    63  0    64  0    65  0   
  19    19  0    20  0    21  0    22  0    23  0    24  0    25  0    26  0    27  0    28  0    29  0    30  0    31  0    32  0    33  0    34  0    35  0    36  0    37  0    38  0    39  0    40  0    41  0    42  0    43  0    44  0    45  0    46  0    47  0    48  0    49  0    50  0    51  0    52  0    53  0    54  0    55  0    56  0    57  0    58  0    59  0    60  0    61  0    62  0    63  0    64  0    65  0    66  0   
  20    20  0    21  0    22  0    23  0    24  0    25  0    26  0    27  0    28  0    29  0    30  0    31  0    32  0    33  0    34  0    35  0    36  0    37  0    38  0    39  0    40  0    41  0    42  0    43  0    44  0    45  0    46  0    47  0    48  0    49  0    50  0    51  0    52  0    53  0    54  0    55  0    56  0    57  0    58  0    59  0    60  0    61  0    62  0    63  0    64  0    65  0    66  0    67  0   
  21    21  0    22  0    23  0    24  0    25  0    26  0    27  0    28  0    29  0    30  0    31  0    32  0    33  0    34  0    35  0    36  0    37  0    38  0    39  0    40  0    41  0    42  0    43  0    44  0    45  0    46  0    47  0    48  0    49  0    50  0    51  0    52  0    53  0    54  0    55  0    56  0    57  0    58  0    59  0    60  0    61  0    62  0    63  0    64  0    65  0    66  0    67  0    68  0   
  22    22  0    23  0    24  0    25  0    26  0    27  0    28  0    29  0    30  0    31  0    32  0    33  0    34  0    35  0    36  0    37  0    38  0    39  0    40  0    41  0    42  0    43  0    44  0    45  0    46  0    47  0    48  0    49  0    50  0    51  0    52  0    53  0    54  0    55  0    56  0    57  0    58  0    59  0    60  0    61  0    62  0    63  0    64  0    65  0    66  0    67  0    68  0    69  0   
  23    23  0    24  0    25  0    26  0    27  0    28  0    29  0    30  0    31  0    32  0    33  0    34  0    35  0    36  0    37  0    38  0    39  0    40  0    41  0    42  0    43  0    44  0    45  0    46  0    47  0    48  0    49  0    50  0    51  0    52  0    53  0    54  0    55  0    56  0    57  0    58  0    59  0    60  0    61  0    62  0    63  0    64  0    65  0    66  0    67  0    68  0    69  0    70  0   
  24    24  0    25  0    26  0    27  0    28  0    29  0    30  0    31  0    32  0    33  0    34  0    35  0    36  0    37  0    38  0    39  0    40  0    41  0    42  0    43  0    44  0    45  0    46  0    47  0    48  0    49  0    50  0    51  0    52  0    53  0    54  0    55  0    56  0    57  0    58  0    59  0    60  0    61  0    62  0    63  0    64  0    65  0    66  0    67  0    68  0    69  0    70  0    71  0   
  25    25  0    26  0    27  0    28  0    29  0    30  0    31  0    32  0    33  0    34  0    35  0    36  0    37  0    38  0    39  0    40  0    41  0    42  0    43  0    44  0    45  0    46  0    47  0    48  0    49  0    50  0    51  0    52  0    53  0    54  0    55  0    56  0    57  0    58  0    59  0    60  0    61  0    62  0    63  0    64  0    65  0    66  0    67  0    68  0    69  0    70  0    71  0    72  0   
  26    26  0    27  0    28  0    29  0    30  0    31  0    32  0    33  0    34  0    35  0    36  0    37  0    38  0    39  0    40  0    41  0    42  0    43  0    44  0    45  0    46  0    47  0    48  0    49  0    50  0    51  0    52  0    53  0    54  0    55  0    56  0    57  0    58  0    59  0    60  0    61  0    62  0    63  0    64  0    65  0    66  0    67  0    68  0    69  0    70  0    71  0    72  0    73  0   
  27    27  0    28  0    29  0    30  0    31  0    32  0    33  0    34  0    35  0    36  0    37  0    38  0    39  0    40  0    41  0    42  0    43  0    44  0    45  0    46  0    47  0    48  0    49  0    50  0    51  0    52  0    53  0    54  0    55  0    56  0    57  0    58  0    59  0    60  0    61  0    62  0    63  0    64  0    65  0    66  0    67  0    68  0    69  0    70  0    71  0    72  0    73  0    74  0   
  28    28  0    29  0    30  0    31  0    32  0    33  0    34  0    35  0    36  0    37  0    38  0    39  0    40  0    41  0    42  0    43  0    44  0    45  0    46  0    47  0    48  0    49  0    50  0    51  0    52  0    53  0    54  0    55  0    56  0    57  0    58  0    59  0    60  0    61  0    62  0    63  0    64  0    65  0    66  0    67  0    68  0    69  0    70  0    71  0    72  0    73  0    74  0    75  0   
  29    29  0    30  0    31  0    32  0    33  0    34  0    35  0    36  0    37  0    38  0    39  0    40  0    41  0    42  0    43  0    44  0    45  0    46  0    47  0    48  0    49  0    50  0    51  0    52  0    53  0    54  0    55  0    56  0    57  0    58  0    59  0    60  0    61  0    62  0    63  0    64  0    65  0    66  0    67  0    68  0    69  0    70  0    71  0    72  0    73  0    74  0    75  0    76  0   
  30    30  0    31  0    32  0    33  0    34  0    35  0    36  0    37  0    38  0    39  0    40  0    41  0    42  0    43  0    44  0    45  0    46  0    47  0    48  0    49  0    50  0    51  0    52  0    53  0    54  0    55  0    56  0    57  0    58  0    59  0    60  0    61  0    62  0    63  0    64  0    65  0    66  0    67  0    68  0    69  0    70  0    71  0    72  0    73  0    74  0    75  0    76  0    77  0   
  31    31  0    32  0    33  0    34  0    35  0    36  0    37  0    38  0    39  0    40  0    41  0    42  0    43  0    44  0    45  0    46  0    47  0    48  0    49  0    50  0    51  0    52  0    53  0    54  0    55  0    56  0    57  0    58  0    59  0    60  0    61  0    62  0    63  0    64  0    65  0    66  0    67  0    68  0    69  0    70  0    71  0    72  0    73  0    74  0    75  0    76  0    77  0    78  0   
  32    32  0    33  0    34  0    35  0    36  0    37  0    38  0    39  0    40  0    41  0    42  0    43  0    44  0    45  0    46  0    47  0    48  0    49  0    50  0    51  0    52  0    53  0    54  0    55  0    56  0    57  0    58  0    59  0    60  0    61  0    62  0    63  0    64  0    65  0    66  0    67  0    68  0    69  0    70  0    71  0    72  0    73  0    74  0    75  0    76  0    77  0    78  0    79  0   
  33    33  0    34  0    35  0    36  0    37  0    38  0    39  0    40  0    41  0    42  0    43  0    44  0    45  0    46  0    47  0    48  0    49  0    50  0    51  0    52  0    53  0    54  0    55  0    56  0    57  0    58  0    59  0    60  0    61  0    62  0    63  0    64  0    65  0    66  0    67  0    68  0    69  0    70  0    71  0    72  0    73  0    74  0    75  0    76  0    77  0    78  0    79  0    80  0   
  34    34  0    35  0    36  0    37  0    38  0    39  0    40  0    41  0    42  0    43  0    44  0    45  0    46  0    47  0    48  0    49  0    50  0    51  0    52  0    53  0    54  0    55  0    56  0    57  0    58  0    59  0    60  0    61  0    62  0    63  0    64  0    65  0    66  0    67  0    68  0    69  0    70  0    71  0    72  0    73  0    74  0    75  0    76  0    77  0    78  0    79  0    80  0    81  0   
  35    35  0    36  0    37  0    38  0    39  0    40  0    41  0    42  0    43  0    44  0    45  0    46  0    47  0    48  0    49  0    50  0    51  0    52  0    53  0    54  0    55  0    56  0    57  0    58  0    59  0    60  0    61  0    62  0    63  0    64  0    65  0    66  0    67  0    68  0    69  0    70  0    71  0    72  0    73  0    74  0    75  0    76  0    77  0    78  0    79  0    80  0    81  0    82  0   
  36    36  0    37  0    38  0    39  0    40  0    41  0    42  0    43  0    44  0    45  0    46  0    47  0    48  0    49  0    50  0    51  0    52  0    53  0    54  0    55  0    56  0    57  0    58  0    59  0    60  0    61  0    62  0    63  0    64  0    65  0    66  0    67  0    68  0    69  0    70  0    71  0    72  0    73  0    74  0    75  0    76  0    77  0    78  0    79  0    80  0    81  0    82  0    83  0   
  37    37  0    38  0    39  0    40  0    41  0    42  0    43  0    44  0    45  0    46  0    47  0    48  0    49  0    50  0    51  0    52  0    53  0    54  0    55  0    56  0    57  0    58  0    59  0    60  0    61  0    62  0    63  0    64  0    65  0    66  0    67  0    68  0    69  0    70  0    71  0    72  0    73  0    74  0    75  0    76  0    77  0    78  0    79  0    80  0    81  0    82  0    83  0    84  0   
  38    38  0    39  0    40  0    41  0    42  0    43  0    44  0    45  0    46  0    47  0    48  0    49  0    50  0    51  0    52  0    53  0    54  0    55  0    56  0    57  0    58  0    59  0    60  0    61  0    62  0    63  0    64  0    65  0    66  0    67  0    68  0    69  0    70  0    71  0    72  0    73  0    74  0    75  0    76  0    77  0    78  0    79  0    80  0    81  0    82  0    83  0    84  0    85  0   
  39    39  0    40  0    41  0    42  0    43  0    44  0    45  0    46  0    47  0    48  0    49  0    50  0    51  0    52  0    53  0    54  0    55  0    56  0    57  0    58  0    59  0    60  0    61  0    62  0    63  0    64  0    65  0    66  0    67  0    68  0    69  0    70  0    71  0    72  0    73  0    74  0    75  0    76  0    77  0    78  0    79  0    80  0    81  0    82  0    83  0    84  0    85  0    86  0   
  40    40  0    41  0    42  0    43  0    44  0    45  0    46  0    47  0    48  0    49  0    50  0    51  0    52  0    53  0    54  0    55  0    56  0    57  0    58  0    59  0    60  0    61  0    62  0    63  0    64  0    65  0    66  0    67  0    68  0    69  0    70  0    71  0    72  0    73  0    74  0    75  0    76  0    77  0    78  0    79  0    80  0    81  0    82  0    83  0    84  0    85  0    86  0    87  0   
  41    41  0    42  0    43  0    44  0    45  0    46  0    47  0    48  0    49  0    50  0    51  0    52  0    53  0    54  0    55  0    56  0    57  0    58  0    59  0    60  0    61  0    62  0    63  0    64  0    65  0    66  0    67  0    68  0    69  0    70  0    71  0    72  0    73  0    74  0    75  0    76  0    77  0    78  0    79  0    80  0    81  0    82  0    83  0    84  0    85  0    86  0    87  0    88  0   
  42    42  0    43  0    44  0    45  0    46  0    47  0    48  0    49  0    50  0    51  0    52  0    53  0    54  0    55  0    56  0    57  0    58  0    59  0    60  0    61  0    62  0    63  0    64  0    65  0    66  0    67  0    68  0    69  0    70  0    71  0    72  0    73  0    74  0    75  0    76  0    77  0    78  0    79  0    80  0    81  0    82  0    83  0    84  0    85  0    86  0    87  0    88  0    89  0   
  43    43  0    44  0    45  0    46  0    47  0    48  0    49  0    50  0    51  0    52  0    53  0    54  0    55  0    56  0    57  0    58  0    59  0    60  0    61  0    62  0    63  0    64  0    65  0    66  0    67  0    68  0    69  0    70  0    71  0    72  0    73  0    74  0    75  0    76  0    77  0    78  0    79  0    80  0    81  0    82  0    83  0    84  0    85  0    86  0    87  0    88  0    89  0    90  0   
  44    44  0    45  0    46  0    47  0    48  0    49  0    50  0    51  0    52  0    53  0    54  0    55  0    56  0    57  0    58  0    59  0    60  0    61  0    62  0    63  0    64  0    65  0    66  0    67  0    68  0    69  0    70  0    71  0    72  0    73  0    74  0    75  0    76  0    77  0    78  0    79  0    80  0    81  0    82  0    83  0    84  0    85  0    86  0    87  0    88  0    89  0    90  0    91  0   
  45    45  0    46  0    47  0    48  0    49  0    50  0    51  0    52  0    53  0    54  0    55  0    56  0    57  0    58  0    59  0    60  0    61  0    62  0    63  0    64  0    65  0    66  0    67  0    68  0    69  0    70  0    71  0    72  0    73  0    74  0    75  0    76  0    77  0    78  0    79  0    80  0    81  0    82  0    83  0    84  0    85  0    86  0    87  0    88  0    89  0    90  0    91  0    92  0   
  46    46  0    47  0    48  0    49  0    50  0    51  0    52  0    53  0    54  0    55  0    56  0    57  0    58  0    59  0    60  0    61  0    62  0    63  0    64  0    65  0    66  0    67  0    68  0    69  0    70  0    71  0    72  0    73  0    74  0    75  0    76  0    77  0    78  0    79  0    80  0    81  0    82  0    83  0    84  0    85  0    86  0    87  0    88  0    89  0    90  0    91  0    92  0    93  0   
  47    47  0    48  0    49  0    50  0    51  0    52  0    53  0    54  0    55  0    56  0    57  0    58  0    59  0    60  0    61  0    62  0    63  0    64  0    65  0    66  0    67  0    68  0    69  0    70  0    71  0    72  0    73  0    74  0    75  0    76  0    77  0    78  0    79  0    80  0    81  0    82  0    83  0    84  0    85  0    86  0    87  0    88  0    89  0    90  0    91  0    92  0    93  0    94  0   
  48    48  0    49  0    50  0    51  0    52  0    53  0    54  0    55  0    56  0    57  0    58  0    59  0    60  0    61  0    62  0    63  0    64  0    65  0    66  0    67  0    68  0    69  0    70  0    71  0    72  0    73  0    74  0    75  0    76  0    77  0    78  0    79  0    80  0    81  0    82  0    83  0    84  0    85  0    86  0    87  0    88  0    89  0    90  0    91  0    92  0    93  0    94  0    95  0   
  49    49  0    50  0    51  0    52  0    53  0    54  0    55  0    56  0    57  0    58  0    59  0    60  0    61  0    62  0    63  0    64  0    65  0    66  0    67  0    68  0    69  0    70  0    71  0    72  0    73  0    74  0    75  0    76  0    77  0    78  0    79  0    80  0    81  0    82  0    83  0    84  0    85  0    86  0    87  0    88  0    89  0    90  0    91  0    92  0    93  0    94  0    95  0    96  0   
  50    50  0    51  0    52  0    53  0    54  0    55  0    56  0    57  0    58  0    59  0    60  0    61  0    62  0    63  0    64  0    65  0    66  0    67  0    68  0    69  0    70  0    71  0    72  0    73  0    74  0    75  0    76  0    77  0    78  0    79  0    80  0    81  0    82  0    83  0    84  0    85  0    86  0    87  0    88  0    89  0    90  0    91  0    92  0    93  0    94  0    95  0    96  0    97  0   
  51    51  0    52  0    53  0    54  0    55  0    56  0    57  0    58  0    59  0    60  0    61  0    62  0    63  0    64  0    65  0    66  0    67  0    68  0    69  0    70  0    71  0    72  0    73  0    74  0    75  0    76  0    77  0    78  0    79  0    80  0    81  0    82  0    83  0    84  0    85  0    86  0    87  0    88  0    89  0    90  0    91  0    92  0    93  0    94  0    95  0    96  0    97  0    98  0   
  52    52  0    53  0    54  0    55  0    56  0    57  0    58  0    59  0    60  0    61  0    62  0    63  0    64  0    65  0    66  0    67  0    68  0    69  0    70  0    71  0    72  0    73  0    74  0    75  0    76  0    77  0    78  0    79  0    80  0    81  0    82  0    83  0    84  0    85  0    86  0    87  0    88  0    89  0    90  0    91  0    92  0    93  0    94  0    95  0    96  0    97  0    98  0    99  0   
  53    53  0    54  0    55  0    56  0    57  0    58  0    59  0    60  0    61  0    62  0    63  0    64  0    65  0    66  0    67  0    68  0    69  0    70  0    71  0    72  0    73  0    74  0    75  0    76  0    77  0    78  0    79  0    80  0    81  0    82  0    83  0    84  0    85  0    86  0    87  0    88  0    89  0    90  0    91  0    92  0    93  0    94  0    95  0    96  0    97  0    98  0    99  0   100  0   
  54    54  0    55  0    56  0    57  0    58  0    59  0    60  0    61  0    62  0    63  0    64  0    65  0    66  0    67  0    68  0    69  0    70  0    71  0    72  0    73  0    74  0    75  0    76  0    77  0    78  0    79  0    80  0    81  0    82  0    83  0    84  0    85  0    86  0    87  0    88  0    89  0    90  0    91  0    92  0    93  0    94  0    95  0    96  0    97  0    98  0    99  0   100  0   101  0   
  55    55  0    56  0    57  0    58  0    59  0    60  0    61  0    62  0    63  0    64  0    65  0    66  0    67  0    68  0    69  0    70  0    71  0    72  0    73  0    74  0    75  0    76  0    77  0    78  0    79  0    80  0    81  0    82  0    83  0    84  0    85  0    86  0    87  0    88  0    89  0    90  0    91  0    92  0    93  0    94  0    95  0    96  0    97  0    98  0    99  0   100  0   101  0   102  0   
  56    56  0    57  0    58  0    59  0    60  0    61  0    62  0    63  0    64  0    65  0    66  0    67  0    68  0    69  0    70  0    71  0    72  0    73  0    74  0    75  0    76  0    77  0    78  0    79  0    80  0    81  0    82  0    83  0    84  0    85  0    86  0    87  0    88  0    89  0    90  0    91  0    92  0    93  0    94  0    95  0    96  0    97  0    98  0    99  0   100  0   101  0   102  0   103  0   
  57    57  0    58  0    59  0    60  0    61  0    62  0    63  0    64  0    65  0    66  0    67  0    68  0    69  0    70  0    71  0    72  0    73  0    74  0    75  0    76  0    77  0    78  0    79  0    80  0    81  0    82  0    83  0    84  0    85  0    86  0    87  0    88  0    89  0    90  0    91  0    92  0    93  0    94  0    95  0    96  0    97  0    98  0    99  0   100  0   101  0   102  0   103  0   104  0   
  58    58  0    59  0    60  0    61  0    62  0    63  0    64  0    65  0    66  0    67  0    68  0    69  0    70  0    71  0    72  0    73  0    74  0    75  0    76  0    77  0    78  0    79  0    80  0    81  0    82  0    83  0    84  0    85  0    86  0    87  0    88  0    89  0    90  0    91  0    92  0    93  0    94  0    95  0    96  0    97  0    98  0    99  0   100  0   101  0   102  0   103  0   104  0   105  0   
  59    59  0    60  0    61  0    62  0    63  0    64  0    65  0    66  0    67  0    68  0    69  0    70  0    71  0    72  0    73  0    74  0    75  0    76  0    77  0    78  0    79  0    80  0    81  0    82  0    83  0    84  0    85  0    86  0    87  0    88  0    89  0    90  0    91  0    92  0    93  0    94  0    95  0    96  0    97  0    98  0    99  0   100  0   101  0   102  0   103  0   104  0   105  0   106  0   
  60    60  0    61  0    62  0    63  0    64  0    65  0    66  0    67  0    68  0    69  0    70  0    71  0    72  0    73  0    74  0    75  0    76  0    77  0    78  0    79  0    80  0    81  0    82  0    83  0    84  0    85  0    86  0    87  0    88  0    89  0    90  0    91  0    92  0    93  0    94  0    95  0    96  0    97  0    98  0    99  0   100  0   101  0   102  0   103  0   104  0   105  0   106  0   107  0   
  61    61  0    62  0    63  0    64  0    65  0    66  0    67  0    68  0    69  0    70  0    71  0    72  0    73  0    74  0    75  0    76  0    77  0    78  0    79  0    80  0    81  0    82  0    83  0    84  0    85  0    86  0    87  0    88  0    89  0    90  0    91  0    92  0    93  0    94  0    95  0    96  0    97  0    98  0    99  0   100  0   101  0   102  0   103  0   104  0   105  0   106  0   107  0   108  0   
  62    62  0    63  0    64  0    65  0    66  0    67  0    68  0    69  0    70  0    71  0    72  0    73  0    74  0    75  0    76  0    77  0    78  0    79  0    80  0    81  0    82  0    83  0    84  0    85  0    86  0    87  0    88  0    89  0    90  0    91  0    92  0    93  0    94  0    95  0    96  0    97  0    98  0    99  0   100  0   101  0   102  0   103  0   104  0   105  0   106  0   107  0   108  0   109  0   
  63    63  0    64  0    65  0    66  0    67  0    68  0    69  0    70  0    71  0    72  0    73  0    74  0    75  0    76  0    77  0    78  0    79  0    80  0    81  0    82  0    83  0    84  0    85  0    86  0    87  0    88  0    89  0    90  0    91  0    92  0    93  0    94  0    95  0    96  0    97  0    98  0    99  0   100  0   101  0   102  0   103  0   104  0   105  0   106  0   107  0   108  0   109  0   110  0   
  64    64  0    65  0    66  0    67  0    68  0    69  0    70  0    71  0    72  0    73  0    74  0    75  0    76  0    77  0    78  0    79  0    80  0    81  0    82  0    83  0    84  0    85  0    86  0    87  0    88  0    89  0    90  0    91  0    92  0    93  0    94  0    95  0    96  0    97  0    98  0    99  0   100  0   101  0   102  0   103  0   104  0   105  0   106  0   107  0   108  0   109  0   110  0   111  0   
  65    65  0    66  0    67  0    68  0    69  0    70  0    71  0    72  0    73  0    74  0    75  0    76  0    77  0    78  0    79  0    80  0    81  0    82  0    83  0    84  0    85  0    86  0    87  0    88  0    89  0    90  0    91  0    92  0    93  0    94  0    95  0    96  0    97  0    98  0    99  0   100  0   101  0   102  0   103  0   104  0   105  0   106  0   107  0   108  0   109  0   110  0   111  0   112  0   
  66    66  0    67  0    68  0    69  0    70  0    71  0    72  0    73  0    74  0    75  0    76  0    77  0    78  0    79  0    80  0    81  0    82  0    83  0    84  0    85  0    86  0    87  0    88  0    89  0    90  0    91  0    92  0    93  0    94  0    95  0    96  0    97  0    98  0    99  0   100  0   101  0   102  0   103  0   104  0   105  0   106  0   107  0   108  0   109  0   110  0   111  0   112  0   113  0   
  67    67  0    68  0    69  0    70  0    71  0    72  0    73  0    74  0    75  0    76  0    77  0    78  0    79  0    80  0    81  0    82  0    83  0    84  0    85  0    86  0    87  0    88  0    89  0    90  0    91  0    92  0    93  0    94  0    95  0    96  0    97  0    98  0    99  0   100  0   101  0   102  0   103  0   104  0   105  0   106  0   107  0   108  0   109  0   110  0   111  0   112  0   113  0   114  0   
  68    68  0    69  0    70  0    71  0    72  0    73  0    74  0    75  0    76  0    77  0    78  0    79  0    80  0    81  0    82  0    83  0    84  0    85  0    86  0    87  0    88  0    89  0    90  0    91  0    92  0    93  0    94  0    95  0    96  0    97  0    98  0    99  0   100  0   101  0   102  0   103  0   104  0   105  0   106  0   107  0   108  0   109  0   110  0   111  0   112  0   113  0   114  0   115  0   
  69    69  0    70  0    71  0    72  0    73  0    74  0    75  0    76  0    77  0    78  0    79  0    80  0    81  0    82  0    83  0    84  0    85  0    86  0    87  0    88  0    89  0    90  0    91  0    92  0    93  0    94  0    95  0    96  0    97  0    98  0    99  0   100  0   101  0   102  0   103  0   104  0   105  0   106  0   107  0   108  0   109  0   110  0   111  0   112  0   113  0   114  0   115  0   116  0   
  70    70  0    71  0    72  0    73  0    74  0    75  0    76  0    77  0    78  0    79  0    80  0    81  0    82  0    83  0    84  0    85  0    86  0    87  0    88  0    89  0    90  0    91  0    92  0    93  0    94  0    95  0    96  0    97  0    98  0    99  0   100  0   101  0   102  0   103  0   104  0   105  0   106  0   107  0   108  0   109  0   110  0   111  0   112  0   113  0   114  0   115  0   116  0   117  0   
  71    71  0    72  0    73  0    74  0    75  0    76  0    77  0    78  0    79  0    80  0    81  0    82  0    83  0    84  0    85  0    86  0    87  0    88  0    89  0    90  0    91  0    92  0    93  0    94  0    95  0    96  0    97  0    98  0    99  0   100  0   101  0   102  0   103  0   104  0   105  0   106  0   107  0   108  0   109  0   110  0   111  0   112  0   113  0   114  0   115  0   116  0   117  0   118  0   
  72    72  0    73  0    74  0    75  0    76  0    77  0    78  0    79  0    80  0    81  0    82  0    83  0    84  0    85  0    86  0    87  0    88  0    89  0    90  0    91  0    92  0    93  0    94  0    95  0    96  0    97  0    98  0    99  0   100  0   101  0   102  0   103  0   104  0   105  0   106  0   107  0   108  0   109  0   110  0   111  0   112  0   113  0   114  0   115  0   116  0   117  0   118  0   119  0   
  73    73  0    74  0    75  0    76  0    77  0    78  0    79  0    80  0    81  0    82  0    83  0    84  0    85  0    86  0    87  0    88  0    89  0    90  0    91  0    92  0    93  0    94  0    95  0    96  0    97  0    98  0    99  0   100  0   101  0   102  0   103  0   104  0   105  0   106  0   107  0   108  0   109  0   110  0   111  0   112  0   113  0   114  0   115  0   116  0   117  0   118  0   119  0   120  0   
  74    74  0    75  0    76  0    77  0    78  0    79  0    80  0    81  0    82  0    83  0    84  0    85  0    86  0    87  0    88  0    89  0    90  0    91  0    92  0    93  0    94  0    95  0    96  0    97  0    98  0    99  0   100  0   101  0   102  0   103  0   104  0   105  0   106  0   107  0   108  0   109  0   110  0   111  0   112  0   113  0   114  0   115  0   116  0   117  0   118  0   119  0   120  0   121  0   
  75    75  0    76  0    77  0    78  0    79  0    80  0    81  0    82  0    83  0    84  0    85  0    86  0    87  0    88  0    89  0    90  0    91  0    92  0    93  0    94  0    95  0    96  0    97  0    98  0    99  0   100  0   101  0   102  0   103  0   104  0   105  0   106  0   107  0   108  0   109  0   110  0   111  0   112  0   113  0   114  0   115  0   116  0   117  0   118  0   119  0   120  0   121  0   122  0   
  76    76  0    77  0    78  0    79  0    80  0    81  0    82  0    83  0    84  0    85  0    86  0    87  0    88  0    89  0    90  0    91  0    92  0    93  0    94  0    95  0    96  0    97  0    98  0    99  0   100  0   101  0   102  0   103  0   104  0   105  0   106  0   107  0   108  0   109  0   110  0   111  0   112  0   113  0   114  0   115  0   116  0   117  0   118  0   119  0   120  0   121  0   122  0   123  0   
  77    77  0    78  0    79  0    80  0    81  0    82  0    83  0    84  0    85  0    86  0    87  0    88  0    89  0    90  0    91  0    92  0    93  0    94  0    95  0    96  0    97  0    98  0    99  0   100  0   101  0   102  0   103  0   104  0   105  0   106  0   107  0   108  0   109  0   110  0   111  0   112  0   113  0   114  0   115  0   116  0   117  0   118  0   119  0   120  0   121  0   122  0   123  0   124  0   
  78    78  0    79  0    80  0    81  0    82  0    83  0    84  0    85  0    86  0    87  0    88  0    89  0    90  0    91  0    92  0    93  0    94  0    95  0    96  0    97  0    98  0    99  0   100  0   101  0   102  0   103  0   104  0   105  0   106  0   107  0   108  0   109  0   110  0   111  0   112  0   113  0   114  0   115  0   116  0   117  0   118  0   119  0   120  0   121  0   122  0   123  0   124  0   125  0   
  79    79  0    80  0    81  0    82  0    83  0    84  0    85  0    86  0    87  0    88  0    89  0    90  0    91  0    92  0    93  0    94  0    95  0    96  0    97  0    98  0    99  0   100  0   101  0   102  0   103  0   104  0   105  0   106  0   107  0   108  0   109  0   110  0   111  0   112  0   113  0   114  0   115  0   116  0   117  0   118  0   119  0   120  0   121  0   122  0   123  0   124  0   125  0   126  0   
  80    80  0    81  0    82  0    83  0    84  0    85  0    86  0    87  0    88  0    89  0    90  0    91  0    92  0    93  0    94  0    95  0    96  0    97  0    98  0    99  0   100  0   101  0   102  0   103  0   104  0   105  0   106  0   107  0   108  0   109  0   110  0   111  0   112  0   113  0   114  0   115  0   116  0   117  0   118  0   119  0   120  0   121  0   122  0   123  0   124  0   125  0   126  0   127  0   
  81    81  0    82  0    83  0    84  0    85  0    86  0    87  0    88  0    89  0    90  0    91  0    92  0    93  0    94  0    95  0    96  0    97  0    98  0    99  0   100  0   101  0   102  0   103  0   104  0   105  0   106  0   107  0   108  0   109  0   110  0   111  0   112  0   113  0   114  0   115  0   116  0   117  0   118  0   119  0   120  0   121  0   122  0   123  0   124  0   125  0   126  0   127  0   128  0   
  82    82  0    83  0    84  0    85  0    86  0    87  0    88  0    89  0    90  0    91  0    92  0    93  0    94  0    95  0    96  0    97  0    98  0    99  0   100  0   101  0   102  0   103  0   104  0   105  0   106  0   107  0   108  0   109  0   110  0   111  0   112  0   113  0   114  0   115  0   116  0   117  0   118  0   119  0   120  0   121  0   122  0   123  0   124  0   125  0   126  0   127  0   128  0   129  0   
  83    83  0    84  0    85  0    86  0    87  0    88  0    89  0    90  0    91  0    92  0    93  0    94  0    95  0    96  0    97  0    98  0    99  0   100  0   101  0   102  0   103  0   104  0   105  0   106  0   107  0   108  0   109  0   110  0   111  0   112  0   113  0   114  0   115  0   116  0   117  0   118  0   119  0   120  0   121  0   122  0   123  0   124  0   125  0   126  0   127  0   128  0   129  0   130  0   
  84    84  0    85  0    86  0    87  0    88  0    89  0    90  0    91  0    92  0    93  0    94  0    95  0    96  0    97  0    98  0    99  0   100  0   101  0   102  0   103  0   104  0   105  0   106  0   107  0   108  0   109  0   110  0   111  0   112  0   113  0   114  0   115  0   116  0   117  0   118  0   119  0   120  0   121  0   122  0   123  0   124  0   125  0   126  0   127  0   128  0   129  0   130  0   131  0   
  85    85  0    86  0    87  0    88  0    89  0    90  0    91  0    92  0    93  0    94  0    95  0    96  0    97  0    98  0    99  0   100  0   101  0   102  0   103  0   104  0   105  0   106  0   107  0   108  0   109  0   110  0   111  0   112  0   113  0   114  0   115  0   116  0   117  0   118  0   119  0   120  0   121  0   122  0   123  0   124  0   125  0   126  0   127  0   128  0   129  0   130  0   131  0   132  0   
  86    86  0    87  0    88  0    89  0    90  0    91  0    92  0    93  0    94  0    95  0    96  0    97  0    98  0    99  0   100  0   101  0   102  0   103  0   104  0   105  0   106  0   107  0   108  0   109  0   110  0   111  0   112  0   113  0   114  0   115  0   116  0   117  0   118  0   119  0   120  0   121  0   122  0   123  0   124  0   125  0   126  0   127  0   128  0   129  0   130  0   131  0   132  0   133  0   
  87    87  0    88  0    89  0    90  0    91  0    92  0    93  0    94  0    95  0    96  0    97  0    98  0    99  0   100  0   101  0   102  0   103  0   104  0   105  0   106  0   107  0   108  0   109  0   110  0   111  0   112  0   113  0   114  0   115  0   116  0   117  0   118  0   119  0   120  0   121  0   122  0   123  0   124  0   125  0   126  0   127  0   128  0   129  0   130  0   131  0   132  0   133  0   134  0   
  88    88  0    89  0    90  0    91  0    92  0    93  0    94  0    95  0    96  0    97  0    98  0    99  0   100  0   101  0   102  0   103  0   104  0   105  0   106  0   107  0   108  0   109  0   110  0   111  0   112  0   113  0   114  0   115  0   116  0   117  0   118  0   119  0   120  0   121  0   122  0   123  0   124  0   125  0   126  0   127  0   128  0   129  0   130  0   131  0   132  0   133  0   134  0   135  0   
  89    89  0    90  0    91  0    92  0    93  0    94  0    95  0    96  0    97  0    98  0    99  0   100  0   101  0   102  0   103  0   104  0   105  0   106  0   107  0   108  0   109  0   110  0   111  0   112  0   113  0   114  0   115  0   116  0   117  0   118  0   119  0   120  0   121  0   122  0   123  0   124  0   125  0   126  0   127  0   128  0   129  0   130  0   131  0   132  0   133  0   134  0   135  0   136  0   
  90    90  0    91  0    92  0    93  0    94  0    95  0    96  0    97  0    98  0    99  0   100  0   101  0   102  0   103  0   104  0   105  0   106  0   107  0   108  0   109  0   110  0   111  0   112  0   113  0   114  0   115  0   116  0   117  0   118  0   119  0   120  0   121  0   122  0   123  0   124  0   125  0   126  0   127  0   128  0   129  0   130  0   131  0   132  0   133  0   134  0   135  0   136  0   137  0   
  91    91  0    92  0    93  0    94  0    95  0    96  0    97  0    98  0    99  0   100  0   101  0   102  0   103  0   104  0   105  0   106  0   107  0   108  0   109  0   110  0   111  0   112  0   113  0   114  0   115  0   116  0   117  0   118  0   119  0   120  0   121  0   122  0   123  0   124  0   125  0   126  0   127  0   128  0   129  0   130  0   131  0   132  0   133  0   134  0   135  0   136  0   137  0   138  0   
  92    92  0    93  0    94  0    95  0    96  0    97  0    98  0    99  0   100  0   101  0   102  0   103  0   104  0   105  0   106  0   107  0   108  0   109  0   110  0   111  0   112  0   113  0   114  0   115  0   116  0   117  0   118  0   119  0   120  0   121  0   122  0   123  0   124  0   125  0   126  0   127  0   128  0   129  0   130  0   131  0   132  0   133  0   134  0   135  0   136  0   137  0   138  0   139  0   
  93    93  0    94  0    95  0    96  0    97  0    98  0    99  0   100  0   101  0   102  0   103  0   104  0   105  0   106  0   107  0   108  0   109  0   110  0   111  0   112  0   113  0   114  0   115  0   116  0   117  0   118  0   119  0   120  0   121  0   122  0   123  0   124  0   125  0   126  0   127  0   128  0   129  0   130  0   131  0   132  0   133  0   134  0   135  0   136  0   137  0   138  0   139  0   140  0   
  94    94  0    95  0    96  0    97  0    98  0    99  0   100  0   101  0   102  0   103  0   104  0   105  0   106  0   107  0   108  0   109  0   110  0   111  0   112  0   113  0   114  0   115  0   116  0   117  0   118  0   119  0   120  0   121  0   122  0   123  0   124  0   125  0   126  0   127  0   128  0   129  0   130  0   131  0   132  0   133  0   134  0   135  0   136  0   137  0   138  0   139  0   140  0   141  0   
  95    95  0    96  0    97  0    98  0    99  0   100  0   101  0   102  0   103  0   104  0   105  0   106  0   107  0   108  0   109  0   110  0   111  0   112  0   113  0   114  0   115  0   116  0   117  0   118  0   119  0   120  0   121  0   122  0   123  0   124  0   125  0   126  0   127  0   128  0   129  0   130  0   131  0   132  0   133  0   134  0   135  0   136  0   137  0   138  0   139  0   140  0   141  0   142  0   
  96    96  0    97  0    98  0    99  0   100  0   101  0   102  0   103  0   104  0   105  0   106  0   107  0   108  0   109  0   110  0   111  0   112  0   113  0   114  0   115  0   116  0   117  0   118  0   119  0   120  0   121  0   122  0   123  0   124  0   125  0   126  0   127  0   128  0   129  0   130  0   131  0   132  0   133  0   134  0   135  0   136  0   137  0   138  0   139  0   140  0   141  0   142  0   143  0   
  97    97  0    98  0    99  0   100  0   101  0   102  0   103  0   104  0   105  0   106  0   107  0   108  0   109  0   110  0   111  0   112  0   113  0   114  0   115  0   116  0   117  0   118  0   119  0   120  0   121  0   122  0   123  0   124  0   125  0   126  0   127  0   128  0   129  0   130  0   131  0   132  0   133  0   134  0   135  0   136  0   137  0   138  0   139  0   140  0   141  0   142  0   143  0   144  0   
  98    98  0    99  0   100  0   101  0   102  0   103  0   104  0   105  0   106  0   107  0   108  0   109  0   110  0   111  0   112  0   113  0   114  0   115  0   116  0   117  0   118  0   119  0   120  0   121  0   122  0   123  0   124  0   125  0   126  0   127  0   128  0   129  0   130  0   131  0   132  0   133  0   134  0   135  0   136  0   137  0   138  0   139  0   140  0   141  0   142  0   143  0   144  0   145  0   
  99    99  0   100  0   101  0   102  0   103  0   104  0   105  0   106  0   107  0   108  0   109  0   110  0   111  0   112  0   113  0   114  0   115  0   116  0   117  0   118  0   119  0   120  0   121  0   122  0   123  0   124  0   125  0   126  0   127  0   128  0   129  0   130  0   131  0   132  0   133  0   134  0   135  0   136  0   137  0   138  0   139  0   140  0   141  0   142  0   143  0   144  0   145  0   146  0   
 